K3,0004,002	->	K3,0,099,000,-040.613,0023.936,0000.00,-010,000.00,360.00,1,0.50,0.250,00000,01000,000.0,100,000,000,00,00,000.250,000.110,00.000,000,00.000,0,0,000.195,YYMD
K3,0004,001	->	K3,0,099,000,-040.984,0024.222,0000.00,-010,000.00,360.00,1,0.50,0.250,00000,01000,000.0,100,000,000,00,00,000.250,000.110,00.000,000,00.000,0,0,000.195,R 26.00
K3,0004,000	->	K3,0,099,000,-041.025,0023.953,0000.00,-010,000.00,360.00,1,0.50,0.250,00000,00150,043.0,100,000,000,00,03,000.200,000.200,00.000,000,00.000,0,0,000.200,

NOKIA
K3,0003,004	->	K3,0,099,000,-039.967,0024.646,0000.00,-010,270.00,360.00,1,0.50,0.250,00000,01000,000.0,100,000,000,00,00,000.268,000.255,00.000,000,00.000,0,0,000.452,
K3,0003,003	->	K3,0,099,000,-040.000,0024.000,0000.00,-010,000.00,360.00,1,0.50,0.250,00000,01000,000.0,100,000,000,00,03,000.310,000.110,00.000,000,00.000,0,0,000.195,ZZ
K3,0003,002	->	K3,0,099,000,-040.680,0024.000,0000.00,-010,000.00,360.00,1,0.50,0.250,00000,01000,000.0,100,000,000,00,00,000.230,000.110,00.000,000,00.000,0,0,000.195,027
K3,0003,001	->	K3,0,099,000,-040.680,0024.300,0000.00,-010,000.00,360.00,1,0.50,0.250,00000,00150,043.0,100,000,000,00,03,000.250,000.110,00.000,000,00.000,0,0,000.195,UWP
K3,0003,000	->	K3,0,099,000,-041.000,0024.000,0000.00,-010,000.00,360.00,1,0.50,0.250,00000,00150,043.0,100,000,000,00,03,000.250,000.250,00.000,000,00.000,0,0,000.250,

RAKON2
K3,0002,002	->	K3,0,099,000,-040.620,0023.851,0000.00,-010,000.00,360.00,1,0.50,0.250,00000,01000,000.0,100,000,000,00,00,000.250,000.110,00.000,000,00.000,0,0,000.195,_
K3,0002,001	->	K3,0,099,000,-040.810,0023.938,0000.00,-010,000.00,360.00,1,0.50,0.250,00000,00150,043.0,100,000,000,00,03,000.250,000.110,00.000,000,00.000,0,0,000.195,ABC
K3,0002,000	->	K3,0,099,000,-041.000,0023.950,0000.00,-010,000.00,360.00,1,0.50,0.250,00000,00150,043.0,100,000,000,00,03,000.150,000.150,00.000,000,00.000,0,0,000.250,


K3,0001,002	->	K3,0,099,000,-040.900,0024.058,0000.00,-010,000.00,360.00,1,0.50,0.250,00000,00150,035.0,100,000,000,00,00,000.150,000.150,00.000,000,00.000,0,0,002.500,
K3,0001,001	->	K3,0,099,000,-040.700,0024.000,0000.00,-010,000.00,360.00,1,0.50,0.250,00000,00150,035.0,100,000,000,00,03,000.250,000.110,00.000,000,00.000,0,0,000.195,E4YJK
K3,0001,000	->	K3,0,099,000,-040.700,0024.350,0000.00,-010,000.00,360.00,1,0.50,0.250,00000,00150,043.0,100,000,000,00,03,000.250,000.110,00.000,000,00.000,0,0,000.195,2400P

FA-118
K3,0000,001	->	K3,0,099,000,-040.800,0024.000,0000.00,-010,000.00,360.00,1,0.50,0.250,00000,00150,040.0,100,000,000,00,03,000.250,000.110,00.000,000,00.000,0,0,000.195,E67E4
K3,0000,000	->	K3,0,099,000,-040.800,0024.350,0000.00,-010,000.00,360.00,1,0.50,0.250,00000,00150,040.0,100,000,000,00,03,000.250,000.110,00.000,000,00.000,0,0,000.195,3740P


                        KY,  099,000,-043.100,0024.030,0000.00,-010,000.00,360.00,1,0.50,0.250,00000,00150,043.0,100,000,000,00,04,000.250,000.110,00.000,000,00.000,0,0,000.195,
                        KY,  099,000,-043.100,0023.685,0000.00,-010,000.00,360.00,1,0.50,0.250,00000,00150,040.0,100,000,000,00,04,000.250,000.110,00.000,000,00.000,0,0,000.195,


                                             1,020,012,04.185,04.387,00001,000.000,000.000
30-07-2016 12:54:40	F9,0002	->	F9,0,1,020,012,04.205,04.405,00001,000.000,000.000
30-07-2016 12:53:30	K5,0002,000	->	K5,1,S000


30-07-2016 13:33:11	K3,0001,002	->	K3,0,099,000,-040.700,0024.000,0000.00,-010,000.00,360.00,1,0.50,0.250,00000,00150,035.0,100,000,000,00,00,000.250,000.110,00.000,000,00.000,0,0,000.195,E4YJK
30-07-2016 13:33:06	K3,0001,001	->	K3,0,099,000,-040.700,0024.350,0000.00,-010,000.00,360.00,1,0.50,0.250,00000,00150,035.0,100,000,000,00,03,000.250,000.110,00.000,000,00.000,0,0,000.195,2400P
30-07-2016 13:32:59	K3,0001,000	->	K3,0,099,000,-040.900,0024.058,0000.00,-010,000.00,360.00,1,0.50,0.250,00000,00150,043.0,100,000,000,00,03,000.150,000.150,00.000,000,00.000,0,0,002.500,
